# Created by Octave 4.4.1, Sun Nov 25 11:13:58 2018 GMT <unknown@FRL-PF1359QP>
# name: ans
# type: matrix
# rows: 1
# columns: 2
 625 1


# name: v
# type: uint32 matrix
# ndims: 2
 625 1
 1805295908
 1529217086
 2698136664
 2428981139
 811717386
 2755316324
 1622713510
 3443236897
 57273580
 1804311089
 3089651602
 4140962540
 1140789672
 1068828904
 3430507598
 4056761961
 1025033418
 1364974651
 304363939
 1450125612
 4175718611
 127410399
 2134985514
 2526275018
 201936118
 1122309785
 247163608
 88740078
 796851302
 1635208826
 3059846476
 1758074775
 4194896538
 1999130087
 2027812867
 324042998
 1283433252
 3285825425
 3758492826
 2450596759
 1324949636
 4111863138
 815567249
 1523317232
 1027888147
 3354146454
 2435475458
 2722376783
 1267993677
 2226413349
 2201283855
 129424370
 4085884361
 3791006521
 1389905660
 2027241063
 499802784
 4088444888
 2888005227
 2756427763
 3463942658
 1991278909
 3500361298
 837436397
 4246406567
 2091801879
 196574724
 747005185
 3229258364
 2284280646
 2524569735
 2532408777
 4035807953
 1790523403
 1496523227
 1438570933
 1148622402
 896926391
 2613905772
 1409362106
 3457859000
 4013660943
 262669054
 1583694304
 758178667
 1673998951
 2696524453
 3374879304
 3416489614
 2539107035
 1132067211
 1762133989
 267220319
 3464023213
 3459457113
 1348911664
 547985887
 3267901127
 4134393224
 2203767417
 1494431051
 1290335176
 3005827256
 2850668473
 2351672852
 1489953643
 2112951730
 1371502276
 3954118665
 2335268576
 1678555739
 4029157963
 2717299362
 757770338
 1019046811
 1239557162
 1248087325
 3613450552
 1714404302
 1799091862
 2399676320
 166602080
 750576291
 3662394181
 633615686
 924507947
 1316937484
 1081662605
 1819219218
 2643051675
 1805677219
 2135109920
 2143372370
 89919049
 2665023624
 1792663788
 3847445515
 2925770052
 3105283255
 2178247694
 3984637665
 1422414924
 3187125748
 675063791
 4236028402
 158445556
 2815191936
 2595569333
 3138203120
 493975206
 1765761180
 3101108407
 1431170947
 1080814543
 2856042324
 3612188028
 3027890848
 3985201512
 1785493941
 1532671332
 2788158540
 480199505
 4105815904
 1282077155
 808019459
 3573981000
 2670665651
 3019218335
 1676760241
 822313668
 1065624441
 3946755227
 314417566
 475058561
 3848832875
 2136546499
 187983723
 713970366
 2726297046
 3981007439
 3526010298
 3773587622
 2997061398
 1000989948
 1865701505
 2303169582
 558826423
 250732113
 1238513122
 3634030067
 3460711555
 3471185595
 1584704188
 1579573160
 1387330726
 3265470052
 1421617989
 3556865023
 4286721928
 3261506869
 645088086
 3418121311
 1375802034
 2523706330
 386473306
 312553056
 2861089034
 3014850774
 1341533995
 716948929
 1869443354
 593659405
 12895069
 1309157632
 2989118738
 2681797451
 2604817027
 1352411566
 2945000440
 378186641
 3204067113
 4248605575
 2787409945
 4267565673
 1093340631
 432667432
 3804050081
 3875281360
 1790669134
 1599352379
 1508123194
 1207049374
 1256181883
 1570459655
 1887573316
 1485011852
 2407705270
 1284024559
 101109926
 3898587287
 2201754828
 936363922
 3703838667
 2402769536
 2077128858
 2216535471
 2088883544
 2726281850
 958705673
 2388308646
 2447667890
 3970194885
 3663544687
 3342861343
 183064267
 2955183321
 2823063853
 475726012
 940026259
 1045359410
 3087970504
 4245609874
 970153314
 3456302096
 2106298239
 2304669825
 2112826774
 286503007
 2914258228
 2673452799
 3621667763
 4127598924
 2050683752
 163293690
 2693276657
 3680578491
 4165363490
 1267587779
 3397493082
 2862325485
 2591063475
 2121570532
 3029783777
 1878397821
 1099740907
 4183238647
 1974894424
 3291303123
 931255389
 1789202177
 126805786
 1810007379
 2839000889
 1223628547
 1809985807
 3630064808
 3640257124
 2916122398
 2108294964
 4144478271
 1381996433
 1505393893
 798293948
 1184520784
 3893754933
 245175354
 591837402
 3509102541
 631581175
 3480540264
 2535634192
 3765319221
 320332936
 3863593407
 3470941518
 4199372360
 707128001
 1288576422
 3886691479
 1180072270
 3406069933
 2546208637
 3424935606
 208805537
 2203971002
 3853970142
 2915260098
 2277181028
 1501062179
 1528171923
 163384678
 1776351248
 247670041
 535566230
 1905180124
 1921347062
 2459866326
 1517400534
 1930505010
 1824699539
 3970682112
 4272631343
 1136260001
 2317006368
 1899987704
 1492229938
 1555313329
 2256172977
 511757943
 2462639539
 392461428
 1110202064
 1743517275
 2437478333
 48554544
 978244428
 2795792205
 1523244215
 3863001414
 1174804351
 908034352
 3357961024
 278229930
 793545737
 3384913143
 2772975009
 1939956511
 3979906954
 2380118458
 3375399537
 1553901823
 2464415190
 3302704410
 4152552564
 543318298
 3620614268
 2436252371
 3312243413
 3150636542
 3010501813
 2430200877
 1822982047
 359569448
 1528673621
 3265452510
 3593013987
 3368078150
 903985963
 2693306540
 416821356
 2721313710
 793835602
 1525609426
 954950787
 1892652949
 1896943769
 3785071508
 930832846
 3271294456
 4194953971
 3063377713
 192744773
 3109946959
 2828945458
 4281415378
 470613856
 3545506116
 500929827
 1055121702
 2712076523
 717469914
 3245382904
 3081351634
 1568618004
 722002729
 500266032
 2089445672
 1969067122
 513691718
 112911854
 2529140023
 961222791
 4089760908
 2213510852
 1210801376
 3596319092
 4282663806
 2167485267
 3960231870
 1430073276
 3764051550
 497167360
 2915658800
 3708093452
 426423885
 1102737381
 1798346550
 1023290379
 2223079493
 3761733897
 517080051
 2509407902
 552682322
 2214706462
 1483396568
 4220383952
 190405300
 2594150117
 3314405433
 3897163795
 2588720398
 1909426957
 155845703
 2521859250
 162475076
 4227973366
 2256024446
 922410946
 1210874030
 3762046833
 3489382733
 4015851735
 1324033245
 351505460
 1923285693
 2766272102
 26064095
 3531919411
 3531046230
 141758013
 1313597309
 343033648
 3941607958
 2197571795
 2256303190
 3914937828
 2391019156
 3539133371
 2386629773
 2900784653
 1871098263
 1658759866
 3795453064
 1856564626
 2226803515
 225008093
 4133844795
 566285690
 2295734007
 1859227545
 3217826051
 3124442641
 3166767952
 4231919017
 734538079
 2384159203
 2972230956
 3647150441
 2313168928
 4253975926
 3643354975
 2863485329
 3265825681
 3740646468
 877542332
 3233412827
 2620300008
 1668841736
 3726001676
 2373321342
 4117487387
 858561976
 2839914291
 1695756753
 297310530
 1831244027
 1700620503
 217261061
 2535306827
 2640765455
 2679201244
 2563230930
 1511047805
 3385048986
 3739223835
 3065094666
 185293772
 3094620394
 2667250764
 771345384
 3984158653
 596195732
 3035530802
 1261896359
 1594164012
 3524621937
 2304679732
 2085505921
 3007695040
 110910741
 2234630842
 1535748090
 1317441625
 2367425942
 3615680602
 1613124277
 3555185104
 2491223965
 1254350912
 3352707444
 4268246195
 36346436
 1227264991
 2131416255
 1903230069
 781415092
 3087615069
 3557472409
 4170143290
 613925834
 3376021871
 3035074110
 120175514
 1336016746
 3267373285
 318108093
 2888120710
 2652957922
 345985864
 1555664339
 3494460179
 2954143012
 2779662695
 1338272591
 2974643994
 3947536222
 3325902560
 223201439
 3334072858
 1191046531
 402397294
 4249232000
 2107912923
 2245744017
 2396143715
 4181137466
 114447277
 1402366070
 4135649743
 4293444507
 3536327089
 773756307
 1623310387
 2093746998
 3813260597
 3707466910
 3897353020
 880735446
 1367040503
 779929546
 1427209376
 1319976946
 120156002
 5939005
 2437199810
 3905808222
 4075537815
 1975457195
 4096611377
 2919749608
